1
5
6
7
8
9
10
11
13
15
16
19
20
21
22
23
24
25
26
27
28
29
32
33
35
36
37
38
39
40
41
42
43
44
45
46
47
48
49
50
51
52
53
54
55
56
57
58
59
60
61
63
64
65
66
67
69
70
71
83
84
85
86
87
88
89
90
92
99
100
101
102
103
106
108
110
112
113
114
116
117
118
119
121
123
124
125
126
127
128
129
130
131
132
133
134
135
136
137
138
139
140
141
142
143
144
145
146
147
148
149
150
151
152
153
154
155
157
158
159
161
162
163
164
165
166
167
168
169
170
171
172
173
174
175
176
177
178
179
182
184
185
186
187
188
189
190
195
196
197
198
199
200
201
202
203
204
205
206
207
208
209
210
211
213
214
216
221
222
223
224
225
226
228
229
230
231
232
233
235
236
237
238
239
240
241
242
243
247
250
251
252
253
255
256
257
258
259
260
261
262
263
264
265
266
267
268
269
270
271
272
273
274
275
276
277
278
279
280
281
282
283
284
285
286
287
288
289
291
292
293
294
296
297
298
299
300
301
302
303
304
305
306
307
308
309
310
311
312
313
314
315
316
317
318
319
320
322
323
324
325
326
327
328
329
330
331
332
333
334
336
337
338
339
340
341
342
343
344
345
346
347
348
349
350
351
352
355
356
357
358
359
360
361
362
363
364
365
366
368
369
370
371
372
373
374
375
377
378
379
380
381
382
383
384
385
386
387
388
390
391
392
401
402
404
405
408
410
411
412
413
415
417
422
423
424
425
426
427
428
445
447
448
449
450
451
453
454
456
457
458
459
460
461
462
463
464
465
466
467
468
469
471
473
474
475
476
477
478
479
480
481
482
483
484
