-74.00030814706818,
-73.83256899924741,
-73.97192000013298,
-73.9762179981134,
-74.00413100111692,
-73.98207600124918,
-73.96796700066434,
-73.85736239433538,
-73.98220900041206,
-73.89054899975379,
-74.0062770002375,
-73.83632199732645,
-73.98659900183969,
-73.94526400065328,
-73.99106999895497,
-73.98192900168252,
-73.94891600116063,
-73.95107000070676,
-73.8456249978671,
-73.99565700196472,
-74.00536700184284,
-73.92613800022268,
-73.8470359980454,
-73.83768299993733,
-73.99467467829565,
-73.8512219992089,
-73.81583268677736,
-73.96850100000474,
-73.98384899991835,
-73.95358099881997,
-73.96387000148654,
-73.94016353439736,
-73.84385299711742,
-73.98995099886982,
-73.86952699979645,
-73.95999000126952,
-73.9535219998761,
-73.97973580607693,
-73.98025117886922,
-73.97577599885986,
-73.97972116167192,
-73.96435779549273,
-73.96288246144861,
-73.96269486847967,
-73.96145344000777,
-73.96203130451707,
-73.9709563314429,
-73.97499915098906,
-73.97754993550326,
-73.91194599727311,
-73.97537499873906,
-73.96679599830857,
-73.97285279146307,
-73.97678343931099,
-73.98310999931775,
-73.97880999934853,
-73.99015100058308,
-73.83591899879404,
-73.98182400036208,
-73.86049499998195,
-73.85535900005986,
-73.95042600048538,
-73.98040679867194,
-73.96422203701742,
-73.95809973659006,
-73.94884798335569,
-73.94945514032194,
-73.94829990753223,
-73.94754120719476,
-73.95007934541682,
-73.950728911504,
-73.93293256066342,
-73.94215978326197,
-73.94085899839123,
-73.95118299979697,
-73.95442500175069,
-73.9578319999985,
-73.95348800040833,
-73.98740940233351,
-73.92984899948112,
-73.97524850466023,
-73.96907237417732,
-73.9886980006626,
-73.98793683324297,
-73.98168087509049,
-73.97918900000727,
-73.98622899993683,
-73.98459099839894,
-73.98676800202695,
-73.95142399956141,
-73.94049699898227,
-73.94394399788152,
-73.95024800019324,
-73.95666499837016,
-73.9503122559598,
-73.94735499813582,
-73.93979284651327,
-73.94605470270496,
-73.94381559557154,
-73.94959999937967,
-73.93285137606902,
-73.9298619983323,
-73.95035999809502,
-73.94488999874271,
-73.97232299948288,
-73.96837899924822,
-73.95182200107372,
-73.9613700821618,
-73.95806670664342,
-73.98197000104184,
-73.97633657548647,
-73.97209794941422,
-73.83692369317717,
-73.830370270175,
-73.968828494562,
-73.96460245655108,
-73.96684700014316,
-73.96410999793571,
-73.94549500019211,
-73.94077000029486,
-73.92738475430812,
-73.94962500105143,
-73.90522700088012,
-73.90074099926741,
-73.95367600034146,
-73.93624499890737,
-73.91179399805142,
-73.90768400066491,
-73.91339999796044,
-73.91013600003971,
-73.940132998897,
-73.9335959998164,
-73.93956099987888,
-73.92941199761114,
-73.9397039967383,
-73.77601299886844,
-73.78852199717775,
-73.82758074931658,
-73.8205205887206,
-73.83559008596315,
-73.81365140294545,
-73.76817499792803,
-73.7613529967363,
-73.80328899878045,
-73.79347419781818,
-73.86269999706153,
-73.85533399729219,
-73.86161820029051,
-73.86504999808707,
-73.97991700040637,
-73.90309699915747,
-74.00290599889694,
-73.9040979979671,
-73.82579799839583,
-73.98769099765994,
-73.95987399807251,
-73.90298400085231,
-73.83216299793182,
-73.83003000183336,
-73.9759578740407,
-73.9933650013927,
-73.98426400149614,
-73.82812099995712,
-73.84295199835398,
-73.99787100112229,
-73.97671329936158,
-73.97604100119781,
-74.00019299900349,
-73.79692399899518,
-74.00049500225539,
-73.85286048368059,
-73.86008699933825,
-73.85205199698797,
-73.83679338316995,
-73.82834899922639,
-73.80800471916437,
-73.90393400047107,
-73.91097571780212,
-73.88411070786465,
-73.88940491629889,
-73.89488591124227,
-73.89035799977013,
-73.89165772599061,
-73.88519400124282,
-73.9005623715631,
-73.90191599959428,
-73.90244864097306,
-73.90895833563903,
-73.90184999993393,
-73.89954769314156,
-73.91633024966036,
-73.92252118506696,
-73.89927796012275,
-73.75540499789503,
-73.91038356930939,
-73.90428999742534,
-73.9166388839509,
-73.89852600099037,
-73.88074999710291,
-73.87962599833818,
-73.873929251904,
-73.87332199828751,
-73.86728799875733,
-73.89640299838601,
-73.89120512838272,
-73.8987883776696,
-73.86943208499198,
-73.9121789987563,
-73.90758199842973,
-73.91823200153037,
-73.91254899814017,
-73.9135217500592,
-73.90606508028188,
-73.91843500055467,
-73.88369699986343,
-73.87661299894197,
-73.87722085593695,
-73.88203474588964,
-73.83030099930426,
-73.83405799882615,
-73.84443499900188,
-73.82069263553899,
-73.84451671920684,
-73.81083299827162,
-73.81701287026026,
-73.80109632198105,
-73.89306639471828,
-73.89175225285321,
-73.86021461686789,
-73.87915899781719,
-73.87451599884416,
-73.89643499864893,
-73.91809500082114,
-73.91203400018497,
-73.90770193853464,
-73.90177778624373,
-73.9140419994168,
-73.88628299832425,
-73.896617383584,
-73.88769359751677,
-73.86748067761883,
-73.86723422776343,
-73.90765699883941,
-73.89717400101904,
-73.89006400056147,
-73.93646999991864,
-73.91468499864921,
-73.89774900076844,
-73.91779099709349,
-73.8935090000309,
-73.88713799869907,
-73.90983099891767,
-73.9048340004263,
-73.91527899930836,
-73.91881900072035,
-73.91989900076257,
-73.90086999936254,
-73.89858299979805,
-73.87996127809551,
-73.86761799826297,
-73.868356091237,
-73.86613410422366,
-73.86250970748023,
-73.88465499988875,
-73.87885499849911,
-73.86705361677082,
-73.83859099777185,
-73.83083400082735,
-73.78381700044146,
-73.85061999835266,
-73.9592449997529,
-73.90526176227324,
-73.90395860493139,
-73.9031175784343,
-73.84638400102965,
-73.87334609435001,
-73.92553599977494,
-73.95837200092971,
-73.957624000331,
-73.95582700108791,
-73.85431530997909,
-73.92672247457743,
-73.91779152703786,
-73.92569199495196,
-73.92139999756643,
-73.91923999817342,
-73.9309969987384,
-73.92401599806122,
-73.94408792835772,
-73.93820899809948,
-73.92565099751468,
-73.91843200077074,
-73.92078599919039,
-73.93072899845316,
-73.92901818470378,
-73.92052647104087,
-73.92850899856911,
-73.92215600058695,
-73.92724299829534,
-73.91972000097107,
-73.92582299856421,
-73.92147900005986,
-73.9229129995305,
-73.93314699998827,
-73.93713823926093,
-73.97697099987745,
-73.97817199992703,
-74.02550999958471,
-74.02337699924082,
-73.99534882553111,
-73.99465878009647,
-74.0053510007241,
-74.01151599735906,
-73.98682900016435,
-73.99367619973995,
-73.98452199841235,
-73.99045399859847,
-74.03087600063023,
-74.02839800028353,
-74.00058287394693,
-73.99884094905444,
-73.9981743210267,
-74.00159259254066,
-73.99685725051661,
-73.9963530004669,
-73.9733764190409,
-73.97235530833724,
-73.9613537857206,
-73.9540579118221,
-73.95581122321062,
-73.95760873539075,
-73.97908400087039,
-73.98037300212548,
-73.97459272802229,
-73.9742659993022,
-73.9837650002573,
-73.97818899976662,
-73.97300281528898,
-73.97404850907509,
-73.9752569775524,
-73.95924310477635,
-73.98178001024027,
-73.97606933193556,
-73.96069316246769,
-73.96151793874006,
-73.95507827446245,
-73.9419376138154,
-73.98598399999045,
-73.98169782381278,
-73.98133100211903,
-73.9773680013077,
-73.96608964340207,
-73.9532350000272,
-73.98164872336672,
-73.98420956580884,
-73.98072973313595,
-73.97334700018423,
-73.96737501664441,
-73.99105699933408,
-73.98749500043357,
-74.00762309342785,
-74.00858473606803,
-73.98973500043807,
-73.94906699828148,
-73.95023400050613,
-73.99276500454653,
-73.98777189015537,
-73.98503623995641,
-73.98721815311175,
-73.99017700117358,
-73.98807806837894,
-73.98993799949142,
-73.94137734825625,
-73.93562300040666,
-73.98977899967628,
-73.99589172757457,
-73.9907564955075,
-73.98605667829871,
-73.99181830913476,
-73.99053886168421,
-73.9893440004543,
-73.99287200058954,
-73.98830199970392,
-73.98575000098687,
-73.99066976943077,
-73.8965480007524,
-73.90531600029097,
-74.01788099968466,
-74.01000600035947,
-74.00354899956918,
-73.99444874408539,
-74.01403400049041,
-73.99420223752821,
-73.99809099983278,
-73.9949469798202,
-74.00373899872895,
-73.93796900163547,
-73.93417999937546,
-73.95479778092773,
-73.95224799754354,
-73.99770200007187,
-73.99250799890923,
-74.00657100024904,
-74.00881099987157,
-74.00926600172441,
-73.98506379611648,
-73.98999799906528,
-73.90387900070533,
-73.9010339983319,
-74.00974461478481,
-74.00522900191187,
-73.94151400028578,
-73.93989200159308,
-74.00793800087732,
-74.00340673089002,
-73.99982638555139,
-74.0069858179477,
-74.00182599973184,
-74.01316895983929,
-74.01400799848192,
-74.01186199920531,
-74.01300723736428,
-74.01297456237405,
-73.89589800086408,
-73.88957722978758,
-74.01378300080624,
-74.01218800069748,
-74.00950899874383,
-74.01105600048916,
-74.01113196483963,
-74.0090999989945,
-73.9272709991317,
-73.99375299925889,
-73.9962039984028,
-73.99380690672804,
-74.00105471253049,
-73.99804100061169,
-73.99339099930405,
-73.89129866498952,
-74.00020100059415,
-73.94753480832394,
-73.9962089989117,
-73.99775078872285,
-74.00257800047764,
-74.00168999943747,
-73.95042624893817,
-73.99308599832653,
-73.95684799980506,
-73.96583799868547,
-73.90307499994638,
-73.94424999696709,
-73.95558899978448,
-73.98688499982445,
-73.9905310009556,
-73.97394599824156,
-73.95058920055882,
-73.87875099890873,
-73.99465900013318,
-73.94747800151535,
-73.87210599994202,
-73.85146999893553,
-73.96379005494857,
-73.94161699828473,
-73.86081599995802,
-74.00688600226547,
-73.85899200121284,
-73.98196299871366,
-73.9971409995061,
-73.93759400019057,
-73.98123599855967,
