40.73225482557368
40.84681033168122
40.75710733221505
40.78864433311557
40.71306533205108
40.746081331224474
40.762526332958515
40.89314357412857
40.77344033329821
40.82094833093279
40.722854330406015
40.843863333740046
40.7398643326176
40.747023330930325
40.73005433283627
40.768247333004325
40.742216332328546
40.785672332551975
40.75462233152458
40.74408133195095
40.72825133267478
40.8104763336079
40.83648833272933
40.68171133326988
40.72593123729625
40.834255330898564
40.608402513049555
40.57631199964582
40.76172833214784
40.74262633163821
40.76814133297075
40.7506359834478
40.68042933241755
40.734673333627924
40.74914533179798
40.68888933274359
40.689627333980575
40.66003602075277
40.66624502275791
40.65078200005558
40.64427233253345
40.643904930723345
40.650493578943035
40.63514226946216
40.6550733737844
40.66163378723865
40.67529502790966
40.6808624695201
40.68442049760116
40.67834033230831
40.687119331724965
40.68809433365578
40.67710251195426
40.684488655503536
40.67731599952716
40.683665999547046
40.69240433216812
40.67209733137274
40.69063499940642
40.85436433176652
40.858985332005616
40.68043833217454
40.68831091217309
40.67203256799286
40.67076548552516
40.6451238517239
40.6508610197765
40.639991575097845
40.63284273953496
40.65665964657179
40.66277332605742
40.66897864343386
40.66948178067157
40.679919331981246
40.724480330250536
40.73126733179012
40.70838333267716
40.70689033028504
40.71830638815251
40.81322433186519
40.76008716502786
40.75746864063934
40.74545433237612
40.74964489214577
40.73097530782765
40.75276899923941
40.75598333254976
40.754184333696514
40.75461233129769
40.712774333337066
40.711576332884036
40.71457633056673
40.714072333239244
40.71717433138076
40.70612690890773
40.70384433286068
40.707391396319544
40.747768453861696
40.746305366128915
40.744128999080004
40.75276339362628
40.75644233250436
40.82655133184121
40.834041332610305
40.79391933348525
40.799446333013954
40.79907533190775
40.796061072629186
40.80058189065227
40.7784533330184
40.77551973010138
40.781346416791116
40.71804498613583
40.71403515200448
40.78582337871821
40.7916191303148
40.80396733208352
40.807722333328456
40.80775433190706
40.814229332544315
40.818303775913265
40.80209833161256
40.850410332254484
40.85609333094426
40.82200833171166
40.82042133204534
40.848480333300515
40.85345333349509
40.839306332395175
40.845900332638486
40.84055633192146
40.849505332362504
40.84071933253172
40.855225334075584
40.84739133302042
40.59294333169343
40.5923743336834
40.58326877004643
40.58538602332184
40.58095619823413
40.58809189674864
40.59539833362945
40.60006633328723
40.7075723323415
40.71051783545284
40.74986533336835
40.75173033206642
40.72976430453871
40.67704433291963
40.783934331807515
40.675344998510326
40.73342233304197
40.81211833080464
40.68595133106681
40.75547733405752
40.773620333081745
40.74563033308078
40.68433133249258
40.75960033143994
40.57603415026776
40.74721533142343
40.743070331894835
40.852462332212276
40.839892333464185
40.74104033203364
40.75180776218185
40.75143133258379
40.718803333794426
40.59092733335806
40.73233833044847
40.72650580841375
40.69242733211075
40.69370433161678
40.69711514348883
40.70048233074198
40.70038275659072
40.69551833354902
40.69947139440521
40.66631526464169
40.66551829573673
40.664714783421225
40.672710331191254
40.678028547200945
40.679778331367174
40.66405760324956
40.66914533281994
40.66358933397658
40.662617820098795
40.64665399951288
40.6504691174794
40.66153012228152
40.6647671212749
40.65891510595766
40.603995333787914
40.6828516335617
40.67936633364182
40.6864156035108
40.67699833266829
40.67413033392656
40.68152033296197
40.683152989546045
40.68961633326342
40.69129033368883
40.74632533189121
40.74686790647675
40.74971986177836
40.73309770621733
40.699454333715686
40.70291933169435
40.703693331635726
40.744149333416985
40.756317285064846
40.752825162029055
40.74313233319539
40.74765933226925
40.74840833306977
40.73681375027579
40.74237041207057
40.66047633219049
40.66823433364754
40.695166330956006
40.70916214793041
40.72159464200387
40.70541833159709
40.70289888566535
40.70206770831371
40.82397717392752
40.82998777901178
40.888028590641945
40.828584333639306
40.829521334164745
40.81610433270999
40.77003733158411
40.775035998745246
40.81643779887532
40.81948759687329
40.805368333418464
40.82652533286839
40.822142463491446
40.837195882379646
40.85719274156798
40.865483710642366
40.808719333203044
40.86776033281104
40.87341233175917
40.823880333142384
40.8444343328997
40.861296330886695
40.8400753319014
40.86697833238542
40.87324433078602
40.87456133181964
40.87885633094057
40.869444331971195
40.86461433278033
40.868072332331586
40.88466733339259
40.88924833251641
40.84020796450718
40.83150933313622
40.84876899887755
40.87783971778193
40.88388830660065
40.879750332035385
40.87481133274861
40.8712591346807
40.87866333281152
40.8883003315566
40.712645999008004
40.90312533314965
40.67034299904337
40.68286095755838
40.68886687439795
40.67845658110124
40.869526331954305
40.84186337356547
40.860531333640004
40.81558133199305
40.674771998954476
40.680595998495264
40.898286848184306
40.818330476177714
40.81602958477588
40.82823065970236
40.835537332087874
40.80756633231699
40.74458733265962
40.74378133376432
40.82476669313109
40.83013533228224
40.827905331479776
40.83376933112564
40.67882233359086
40.67936433208371
40.75196037654921
40.75698769179131
40.693172333304105
40.68958433163534
40.69787333245757
40.69866033384
40.761432331091726
40.76677899879946
40.706606998427034
40.70615199916679
40.748918052195435
40.629754999184065
40.63611899886778
40.62974199921923
40.63496699934776
40.63147909345306
40.636261223451385
40.631385999211595
40.63497133190368
40.59770399923523
40.6019507942803
40.6171093320831
40.620687330316166
40.61662199967881
40.62268699939043
40.613159258412
40.61925904207569
40.60467733012288
40.607736064277006
40.62622479517215
40.62484199926125
40.595925158219494
40.60325873790103
40.57771052883522
40.5865478791191
40.599309283625495
40.60863897749212
40.5972363327117
40.60405933243509
40.58073909058934
40.58944999891466
40.58884099893263
40.59246533297025
40.60884314164611
40.61435704436209
40.62073195527381
40.61739807725093
40.61145612205187
40.6250177725522
40.62502315197316
40.62920870959159
40.59532202364403
40.753739603051464
40.762456331700854
40.76297048455733
40.75864133373238
40.76408533296917
40.76461842721756
40.75917233237673
40.76824986405002
40.759802306100454
40.76456585757549
40.76481133181859
40.76270918781066
40.750373332643896
40.75529033223394
40.71016249778872
40.71411133321603
40.757308330874906
40.694619331634556
40.70037699858555
40.742954649954534
40.749789732015216
40.68840880854297
40.69247096951185
40.71385533315342
40.7186810747252
40.7234019985678
40.70040473580167
40.69719533267945
40.67027199964862
40.673641393676355
40.68611088004987
40.69225572843644
40.69419681318785
40.73587259966802
40.741302999235565
40.66541399916061
40.67084699929032
40.73269133168614
40.73476364459351
40.67454233193614
40.678333998894786
40.64136199850979
40.64893899894614
40.655143998818986
40.6464844099138
40.64506899957638
40.640913043659836
40.660396999388546
40.68027368376412
40.72622733401917
40.85169533172883
40.859022331286745
40.80505846617425
40.81107200539482
40.72432899829275
40.73046533105735
40.70941633136059
40.71305133126757
40.7154783322407
40.69054451751926
40.69321933172708
40.858407332558244
40.86280333227336
40.71256425917418
40.720824332145696
40.83051833207483
40.83601333167216
40.710022998677935
40.713234121799836
40.7181742090284
40.71327266359828
40.7194653338443
40.701730840020005
40.70491433156353
40.70755733342955
40.703142706426924
40.70774508901753
40.70622633104967
40.711431637346294
40.70751333210902
40.711835333592205
40.710368330997916
40.70647633318466
40.71051331673736
40.70682133185746
40.86549133160925
40.71826733199076
40.72529733136624
40.72024721580506
40.718814595889654
40.74590633203089
40.75228733319803
40.74654002355199
40.73782633237534
40.81790589117516
40.738228331950566
40.73774180217906
40.73977699918822
40.74089333270543
40.66993848305493
40.69746633205194
40.68137999882649
40.683263331942776
40.70441233309539
40.79502033259065
40.77949233083758
40.69974299998894
40.699337331804976
40.686113332368286
40.66788393563946
40.886037332211195
40.725914998796796
40.79060033204227
40.675377331000455
40.67984333345851
40.640940497787355
40.798629332912505
40.8332263312468
40.71931833327351
40.67937133363779
40.75382133266057
40.72230133238419
40.80413833309592
40.577281332511674
